0 0
1 0
2 0
3 0
4 0
5 0
6 0
7 0
8 0
9 0
10 169
11 169
12 174
13 174
14 174
15 345
16 345
17 179
18 179
19 179
20 185
21 185
22 185
23 185
24 340
25 340
26 190
27 190
28 190
29 543
30 543
31 195
32 195
33 334
34 334
35 201
36 201
37 201
38 206
39 206
40 206
41 206
42 329
43 329
44 211
45 211
46 211
47 217
48 217
49 217
50 324
51 324
52 222
53 222
54 222
55 227
56 227
57 318
58 318
59 233
60 233
61 233
62 313
63 313
64 238
65 238
66 308
67 243
68 243
69 249
70 249
71 302
72 254
73 297
74 259
75 292
76 265
77 286
78 276
79 276
80 548
81 548
82 548
83 548
84 548
85 548
86 548
87 548
88 548
89 548
90 548
91 548
92 548
93 548
94 548
95 548
96 548
97 548
98 548
99 548
100 548
101 548
102 548
103 548
104 548
105 548
106 548
107 548
108 554
109 554
110 554
111 554
112 554
113 554
114 554
115 554
116 554
117 554
118 554
119 554
120 554
121 554
122 554
123 554
124 554
125 554
126 554
127 554
128 554
129 554
130 554
131 554
132 554
133 554
134 554
135 554
136 554
137 554
138 554
139 554
140 554
141 554
142 554
143 554
144 554
145 554
146 554
147 554
148 554
149 554
150 554
151 554
152 554
153 554
154 554
155 554
156 554
157 554
158 554
159 554
160 554
161 554
162 554
163 559
164 559
165 559
166 559
167 559
168 559
169 559
170 559
171 559
172 559
173 559
174 559
175 559
176 559
177 559
178 559
179 559
180 559
181 559
182 559
183 559
184 559
185 559
186 559
187 559
188 559
189 559
190 559
191 559
192 559
193 559
194 559
195 559
196 559
197 559
198 559
199 559
200 559
201 559
202 559
203 559
204 559
205 559
206 559
207 559
208 559
209 559
210 559
211 559
212 559
213 559
214 559
215 559
216 559
217 559
218 559
219 559
220 559
221 564
222 564
223 564
224 564
225 564
226 564
227 564
228 564
229 564
230 564
231 564
232 564
233 564
234 564
235 564
236 564
237 564
238 564
239 564
240 564
241 564
242 564
243 564
244 564
245 564
246 564
247 564
248 564
249 564
250 564
251 564
252 564
253 564
254 564
255 564
256 564
257 564
258 564
259 564
260 564
261 564
262 564
263 564
264 564
265 564
266 564
267 564
268 564
269 564
270 564
271 564
272 564
273 564
274 564
275 564
276 564
277 564
278 564
279 564
280 564
281 570
282 570
283 570
284 570
285 570
286 570
287 570
288 570
289 570
290 570
291 570
292 570
293 570
294 570
295 570
296 570
297 570
298 570
299 570
300 570
301 570
302 570
303 570
304 570
305 570
306 570
307 570
308 570
309 570
310 570
311 570
312 570
313 570
314 570
315 570
316 570
317 570
318 570
319 570
320 570
321 570
322 570
323 570
324 570
325 570
326 570
327 570
328 570
329 570
330 570
331 570
332 570
333 570
334 570
335 570
336 570
337 570
338 570
339 570
340 570
341 570
342 570
343 570
344 575
345 575
346 575
347 575
348 575
349 575
350 575
351 575
352 575
353 575
354 575
355 575
356 575
357 575
358 575
359 575
360 575
361 575
362 575
363 575
364 575
365 575
366 575
367 575
368 575
369 575
370 575
371 575
372 575
373 575
374 575
375 575
376 575
377 575
378 575
379 575
380 575
381 575
382 575
383 575
384 575
385 575
386 575
387 575
388 575
389 575
390 575
391 575
392 575
393 575
394 575
395 575
396 575
397 575
398 575
399 575
400 575
401 575
402 575
403 575
404 575
405 575
406 575
407 575
408 580
409 580
410 580
411 580
412 580
413 580
414 580
415 580
416 580
417 580
418 580
419 580
420 580
421 580
422 580
423 580
424 580
425 580
426 580
427 580
428 580
429 580
430 580
431 580
432 580
433 580
434 580
435 580
436 580
437 580
438 580
439 580
440 580
441 580
442 580
443 580
444 580
445 580
446 580
447 580
448 580
449 580
450 580
451 580
452 580
453 580
454 580
455 580
456 580
457 580
458 580
459 580
460 580
461 580
462 580
463 580
464 580
465 580
466 580
467 580
468 580
469 580
470 580
471 580
472 580
473 586
474 586
475 586
476 586
477 586
478 586
479 586
480 586
481 586
482 586
483 586
484 586
485 586
486 586
487 586
488 586
489 586
490 586
491 586
492 586
493 586
494 586
495 586
496 586
497 586
498 586
499 586
500 586
501 586
502 586
503 586
504 586
505 586
506 586
507 586
508 586
509 586
510 586
511 586
512 586
513 586
514 586
515 586
516 586
517 586
518 586
519 586
520 586
521 586
522 586
523 586
524 586
525 586
526 586
527 586
528 586
529 586
530 586
531 586
532 586
533 586
534 586
535 586
536 586
537 586
538 591
539 591
540 591
541 591
542 591
543 591
544 591
545 591
546 591
547 591
548 591
549 591
550 591
551 591
552 591
553 591
554 591
555 591
556 591
557 591
558 591
559 591
560 591
561 591
562 591
563 591
564 591
565 591
566 591
567 591
568 591
569 591
570 591
571 591
572 591
573 591
574 591
575 591
576 591
577 591
578 591
579 591
580 591
581 591
582 591
583 591
584 591
585 591
586 591
587 591
588 591
589 591
590 591
591 591
592 591
593 591
594 591
595 591
596 591
597 591
598 591
599 591
600 591
601 591
602 591
603 591
604 596
605 596
606 596
607 596
608 596
609 596
610 596
611 596
612 596
613 596
614 596
615 596
616 596
617 596
618 596
619 596
620 596
621 596
622 596
623 596
624 596
625 596
626 596
627 596
628 596
629 596
630 596
631 596
632 596
633 596
634 596
635 596
636 596
637 596
638 596
639 596
640 596
641 596
642 596
643 596
644 596
645 596
646 596
647 596
648 596
649 596
650 596
651 596
652 596
653 596
654 596
655 596
656 596
657 596
658 596
659 596
660 596
661 596
662 596
663 596
664 596
665 596
666 596
667 596
668 596
669 602
670 602
671 602
672 602
673 602
674 602
675 602
676 602
677 602
678 602
679 602
680 602
681 602
682 602
683 602
684 602
685 602
686 602
687 602
688 602
689 602
690 602
691 602
692 602
693 602
694 602
695 602
696 602
697 602
698 602
699 602
700 602
701 602
702 602
703 602
704 602
705 602
706 602
707 602
708 602
709 602
710 602
711 602
712 602
713 602
714 602
715 602
716 602
717 602
718 602
719 602
720 602
721 602
722 602
723 602
724 602
725 602
726 602
727 602
728 602
729 602
730 602
731 602
732 602
733 607
734 607
735 607
736 607
737 607
738 607
739 607
740 607
741 607
742 607
743 607
744 607
745 607
746 607
747 607
748 607
749 607
750 607
751 607
752 607
753 607
754 607
755 607
756 607
757 607
758 607
759 607
760 607
761 607
762 607
763 607
764 607
765 607
766 607
767 607
768 607
769 607
770 607
771 607
772 607
773 607
774 607
775 607
776 607
777 607
778 607
779 607
780 607
781 607
782 607
783 607
784 607
785 607
786 607
787 607
788 607
789 607
790 607
791 607
792 607
793 607
794 607
795 607
796 612
797 612
798 612
799 612
800 612
801 612
802 612
803 612
804 612
805 612
806 612
807 612
808 612
809 612
810 612
811 612
812 612
813 612
814 612
815 612
816 612
817 612
818 612
819 612
820 612
821 612
822 612
823 612
824 612
825 612
826 612
827 612
828 612
829 612
830 612
831 612
832 612
833 612
834 612
835 612
836 612
837 612
838 612
839 612
840 612
841 612
842 612
843 612
844 612
845 612
846 612
847 612
848 612
849 612
850 612
851 612
852 612
853 612
854 612
855 612
856 612
857 618
858 618
859 618
860 618
861 618
862 618
863 618
864 618
865 618
866 618
867 618
868 618
869 618
870 618
871 618
872 618
873 618
874 618
875 618
876 618
877 618
878 618
879 618
880 618
881 618
882 618
883 618
884 618
885 618
886 618
887 618
888 618
889 618
890 618
891 618
892 618
893 618
894 618
895 618
896 618
897 618
898 618
899 618
900 618
901 618
902 618
903 618
904 618
905 618
906 618
907 618
908 618
909 618
910 618
911 618
912 618
913 618
914 618
915 623
916 623
917 623
918 623
919 623
920 623
921 623
922 623
923 623
924 623
925 623
926 623
927 623
928 623
929 623
930 623
931 623
932 623
933 623
934 623
935 623
936 623
937 623
938 623
939 623
940 623
941 623
942 623
943 623
944 623
945 623
946 623
947 623
948 623
949 623
950 623
951 623
952 623
953 623
954 623
955 623
956 623
957 623
958 623
959 623
960 623
961 623
962 623
963 623
964 623
965 623
966 623
967 623
968 623
969 623
970 623
971 628
972 628
973 628
974 628
975 628
976 628
977 628
978 628
979 628
980 628
981 628
982 628
983 628
984 628
985 628
986 628
987 628
988 628
989 628
990 628
991 628
992 628
993 628
994 628
995 628
996 628
997 628
998 628
999 628
1000 628
1001 628
1002 628
1003 628
1004 628
1005 628
1006 628
1007 628
1008 628
1009 628
1010 628
1011 628
1012 628
1013 628
1014 628
1015 628
1016 628
1017 628
1018 628
1019 628
1020 628
1021 628
1022 628
1023 634
1024 634
1025 634
1026 634
1027 634
1028 634
1029 634
1030 634
1031 634
1032 634
1033 634
1034 634
1035 634
1036 634
1037 634
1038 634
1039 634
1040 634
1041 634
1042 634
1043 634
1044 634
1045 634
1046 634
1047 634
1048 634
1049 634
1050 634
1051 634
1052 634
1053 634
1054 634
1055 634
1056 634
1057 634
1058 634
1059 634
1060 634
1061 634
1062 634
1063 634
1064 634
1065 634
1066 634
1067 634
1068 634
1069 634
1070 634
1071 634
1072 639
1073 639
1074 639
1075 639
1076 639
1077 639
1078 639
1079 639
1080 639
1081 639
1082 639
1083 639
1084 639
1085 639
1086 639
1087 639
1088 639
1089 639
1090 639
1091 639
1092 639
1093 639
1094 639
1095 639
1096 639
1097 639
1098 639
1099 639
1100 639
1101 639
1102 639
1103 639
1104 639
1105 639
1106 639
1107 639
1108 639
1109 639
1110 639
1111 639
1112 639
1113 639
1114 639
1115 639
1116 645
1117 645
1118 645
1119 645
1120 645
1121 645
1122 645
1123 645
1124 645
1125 645
1126 645
1127 645
1128 645
1129 645
1130 645
1131 645
1132 645
1133 645
1134 645
1135 645
1136 645
1137 645
1138 645
1139 645
1140 645
1141 645
1142 645
1143 645
1144 645
1145 645
1146 645
1147 645
1148 645
1149 645
1150 645
1151 645
1152 645
1153 645
1154 645
1155 645
1156 645
1157 650
1158 650
1159 650
1160 650
1161 650
1162 650
1163 650
1164 650
1165 650
1166 650
1167 650
1168 650
1169 650
1170 650
1171 650
1172 650
1173 650
1174 650
1175 650
1176 650
1177 650
1178 650
1179 650
1180 650
1181 650
1182 650
1183 650
1184 650
1185 650
1186 650
1187 650
1188 650
1189 650
1190 650
1191 650
1192 650
1193 650
1194 655
1195 655
1196 655
1197 655
1198 655
1199 655
1200 655
1201 655
1202 655
1203 655
1204 655
1205 655
1206 655
1207 655
1208 655
1209 655
1210 655
1211 655
1212 655
1213 655
1214 655
1215 655
1216 655
1217 655
1218 655
1219 655
1220 655
1221 655
1222 655
1223 655
1224 655
1225 655
1226 655
1227 661
1228 661
1229 661
1230 661
1231 661
1232 661
1233 661
1234 661
1235 661
1236 661
1237 661
1238 661
1239 661
1240 661
1241 661
1242 661
1243 661
1244 661
1245 661
1246 661
1247 661
1248 661
1249 661
1250 661
1251 661
1252 661
1253 661
1254 661
1255 661
1256 661
1257 661
1258 666
1259 666
1260 666
1261 666
1262 666
1263 666
1264 666
1265 666
1266 666
1267 666
1268 666
1269 666
1270 666
1271 666
1272 666
1273 666
1274 666
1275 666
1276 666
1277 666
1278 666
1279 666
1280 666
1281 666
1282 666
1283 666
1284 666
1285 671
1286 671
1287 671
1288 671
1289 671
1290 671
1291 671
1292 671
1293 671
1294 671
1295 671
1296 671
1297 671
1298 671
1299 671
1300 671
1301 671
1302 671
1303 671
1304 671
1305 671
1306 671
1307 671
1308 671
1309 671
1310 677
1311 677
1312 677
1313 677
1314 677
1315 677
1316 677
1317 677
1318 677
1319 677
1320 677
1321 677
1322 677
1323 677
1324 677
1325 677
1326 677
1327 677
1328 677
1329 677
1330 677
1331 677
1332 682
1333 682
1334 682
1335 682
1336 682
1337 682
1338 682
1339 682
1340 682
1341 682
1342 682
1343 682
1344 682
1345 682
1346 682
1347 682
1348 682
1349 682
1350 682
1351 682
1352 687
1353 687
1354 687
1355 687
1356 687
1357 687
1358 687
1359 687
1360 687
1361 687
1362 687
1363 687
1364 687
1365 687
1366 687
1367 687
1368 687
1369 687
1370 693
1371 693
1372 693
1373 693
1374 693
1375 693
1376 693
1377 693
1378 693
1379 693
1380 693
1381 693
1382 693
1383 693
1384 693
1385 693
1386 698
1387 698
1388 698
1389 698
1390 698
1391 698
1392 698
1393 698
1394 698
1395 698
1396 698
1397 698
1398 698
1399 698
1400 698
1401 703
1402 703
1403 703
1404 703
1405 703
1406 703
1407 703
1408 703
1409 703
1410 703
1411 703
1412 703
1413 703
1414 709
1415 709
1416 709
1417 709
1418 709
1419 709
1420 709
1421 709
1422 709
1423 709
1424 709
1425 709
1426 709
1427 714
1428 714
1429 714
1430 714
1431 714
1432 714
1433 714
1434 714
1435 714
1436 714
1437 714
1438 719
1439 719
1440 719
1441 719
1442 719
1443 719
1444 719
1445 719
1446 719
1447 719
1448 719
1449 725
1450 725
1451 725
1452 725
1453 725
1454 725
1455 725
1456 725
1457 725
1458 725
1459 725
1460 730
1461 730
1462 730
1463 730
1464 730
1465 730
1466 730
1467 730
1468 730
1469 730
1470 735
1471 735
1472 735
1473 735
1474 735
1475 735
1476 735
1477 735
1478 735
1479 735
1480 735
1481 741
1482 741
1483 741
1484 741
1485 741
1486 741
1487 741
1488 741
1489 741
1490 741
1491 746
1492 746
1493 746
1494 746
1495 746
1496 746
1497 746
1498 746
1499 746
1500 746
1501 751
1502 751
1503 751
1504 751
1505 751
1506 751
1507 751
1508 751
1509 751
1510 751
1511 751
1512 757
1513 757
1514 757
1515 757
1516 757
1517 757
1518 757
1519 757
1520 757
1521 757
1522 762
1523 762
1524 762
1525 762
1526 762
1527 762
1528 762
1529 762
1530 762
1531 762
1532 768
1533 768
1534 768
1535 768
1536 768
1537 768
1538 768
1539 768
1540 768
1541 768
1542 768
1543 773
1544 773
1545 773
1546 773
1547 773
1548 773
1549 773
1550 773
1551 773
1552 773
1553 778
1554 778
1555 778
1556 778
1557 778
1558 778
1559 778
1560 778
1561 778
1562 778
1563 784
1564 784
1565 784
1566 784
1567 784
1568 784
1569 784
1570 784
1571 784
1572 784
1573 789
1574 789
1575 789
1576 789
1577 789
1578 789
1579 789
1580 789
1581 789
1582 789
1583 794
1584 794
1585 794
1586 794
1587 794
1588 794
1589 794
1590 794
1591 794
1592 794
1593 800
1594 800
1595 800
1596 800
1597 800
1598 800
1599 800
1600 800
1601 800
1602 800
1603 805
1604 805
1605 805
1606 805
1607 805
1608 805
1609 805
1610 805
1611 805
1612 805
1613 810
1614 810
1615 810
1616 810
1617 810
1618 810
1619 810
1620 810
1621 810
1622 810
1623 816
1624 816
1625 816
1626 816
1627 816
1628 816
1629 816
1630 816
1631 816
1632 816
1633 821
1634 821
1635 821
1636 821
1637 821
1638 821
1639 821
1640 821
1641 821
1642 826
1643 826
1644 826
1645 826
1646 826
1647 826
1648 826
1649 826
1650 826
1651 826
1652 832
1653 832
1654 832
1655 832
1656 832
1657 832
1658 832
1659 832
1660 832
1661 837
1662 837
1663 837
1664 837
1665 837
1666 837
1667 837
1668 837
1669 837
1670 842
1671 842
1672 842
1673 842
1674 842
1675 842
1676 842
1677 842
1678 842
1679 842
1680 848
1681 848
1682 848
1683 848
1684 848
1685 848
1686 848
1687 848
1688 848
1689 853
1690 853
1691 853
1692 853
1693 853
1694 853
1695 853
1696 853
1697 853
1698 858
1699 858
1700 858
1701 858
1702 858
1703 858
1704 858
1705 858
1706 864
1707 864
1708 864
1709 864
1710 864
1711 864
1712 864
1713 864
1714 864
1715 869
1716 869
1717 869
1718 869
1719 869
1720 869
1721 869
1722 869
1723 874
1724 874
1725 874
1726 874
1727 874
1728 874
1729 874
1730 874
1731 874
1732 880
1733 880
1734 880
1735 880
1736 880
1737 880
1738 880
1739 880
1740 885
1741 885
1742 885
1743 885
1744 885
1745 885
1746 885
1747 885
1748 890
1749 890
1750 890
1751 890
1752 890
1753 890
1754 890
1755 890
1756 896
1757 896
1758 896
1759 896
1760 896
1761 896
1762 896
1763 901
1764 901
1765 901
1766 901
1767 901
1768 901
1769 901
1770 901
1771 907
1772 907
1773 907
1774 907
1775 907
1776 907
1777 907
1778 912
1779 912
1780 912
1781 912
1782 912
1783 912
1784 912
1785 917
1786 917
1787 917
1788 917
1789 917
1790 917
1791 917
1792 923
1793 923
1794 923
1795 923
1796 923
1797 923
1798 923
1799 928
1800 928
1801 928
1802 928
1803 928
1804 928
1805 933
1806 933
1807 933
1808 933
1809 933
1810 933
1811 939
1812 939
1813 939
1814 939
1815 939
1816 939
1817 944
1818 944
1819 944
1820 944
1821 944
1822 944
1823 949
1824 949
1825 949
1826 949
1827 949
1828 949
1829 955
1830 955
1831 955
1832 955
1833 955
1834 960
1835 960
1836 960
1837 960
1838 960
1839 960
1840 965
1841 965
1842 965
1843 965
1844 965
1845 971
1846 971
1847 971
1848 971
1849 971
1850 976
1851 976
1852 976
1853 976
1854 976
1855 981
1856 981
1857 981
1858 981
1859 981
1860 987
1861 987
1862 987
1863 987
1864 992
1865 992
1866 992
1867 992
1868 992
1869 997
1870 997
1871 997
1872 997
1873 1003
1874 1003
1875 1003
1876 1003
1877 1008
1878 1008
1879 1008
1880 1008
1881 1008
1882 1013
1883 1013
1884 1013
1885 1013
1886 1019
1887 1019
1888 1019
1889 1019
1890 1024
1891 1024
1892 1024
1893 1030
1894 1030
1895 1030
1896 1030
1897 1035
1898 1035
1899 1035
1900 1035
1901 1040
1902 1040
1903 1040
1904 1046
1905 1046
1906 1046
1907 1046
1908 1051
1909 1051
1910 1051
1911 1056
1912 1056
1913 1056
1914 1056
1915 1062
1916 1062
1917 1062
1918 1067
1919 1067
1920 1067
1921 1072
1922 1072
1923 1072
1924 1078
1925 1078
1926 1078
1927 1083
1928 1083
1929 1083
1930 1083
1931 1088
1932 1088
1933 1088
1934 1094
1935 1094
1936 1094
1937 1099
1938 1099
1939 1099
1940 1104
1941 1104
1942 1104
1943 1110
1944 1110
1945 1110
1946 1115
1947 1115
1948 1115
1949 1120
1950 1120
1951 1120
1952 1126
1953 1126
1954 1126
1955 1131
1956 1131
1957 1131
1958 1136
1959 1136
1960 1136
1961 1142
1962 1142
1963 1142
1964 1147
1965 1147
1966 1147
1967 1153
1968 1153
1969 1153
1970 1158
1971 1158
1972 1158
1973 1163
1974 1163
1975 1163
1976 1169
1977 1169
1978 1169
1979 1174
1980 1174
1981 1174
1982 1179
1983 1179
1984 1179
1985 1185
1986 1185
1987 1185
1988 1190
1989 1190
1990 1190
1991 1195
1992 1195
1993 1195
1994 1201
1995 1201
1996 1201
1997 1206
1998 1206
1999 1211
2000 1211
2001 1211
2002 1217
2003 1217
2004 1217
2005 1222
2006 1222
2007 1222
2008 1227
2009 1227
2010 1233
2011 1233
2012 1233
2013 1238
2014 1238
2015 1238
2016 1243
2017 1243
2018 1249
2019 1249
2020 1249
2021 1254
2022 1254
2023 1259
2024 1259
2025 1265
2026 1265
2027 1265
2028 1270
2029 1270
2030 1276
2031 1276
2032 1281
2033 1281
2034 1286
2035 1286
2036 1286
2037 1292
2038 1292
2039 1297
2040 923
2041 923
2042 923
2043 1308
2044 923
2045 1313
2046 923
2047 923
2048 923
2049 923
2050 1329
2051 923
2052 1334
2053 1340
2054 923
2055 923
2056 1350
2057 1356
2058 923
2059 923
2060 923
2061 923
2062 1377
2063 923
2064 1489
2065 1399
2066 923
2067 1463
2068 1441
2069 923
2070 923
2071 923
2072 923
2073 923
2074 923
2075 923
2076 923
2077 923
2078 923
2079 923
2080 923
2081 923
2082 923
2083 923
2084 923
2085 923
2086 923
2087 923
2088 923
2089 923
2090 923
2091 923
2092 923
2093 923
2094 923
2095 923
2096 923
2097 923
2098 923
2099 923
2100 923
2101 923
2102 923
2103 923
2104 923
2105 923
2106 923
2107 923
2108 923
2109 923
2110 923
2111 923
2112 923
2113 923
2114 923
2115 923
2116 923
2117 923
2118 923
2119 923
2120 923
2121 923
2122 923
2123 923
2124 923
2125 923
2126 923
2127 923
2128 923
2129 923
2130 923
2131 923
2132 923
2133 923
2134 923
2135 923
2136 923
2137 923
2138 923
2139 923
2140 923
2141 923
2142 923
2143 923
2144 923
2145 923
2146 923
2147 923
2148 923
2149 923
2150 923
2151 923
2152 923
2153 923
2154 923
2155 923
2156 923
2157 923
2158 923
2159 923
2160 923
2161 923
2162 923
2163 923
2164 923
2165 923
2166 923
2167 923
2168 923
2169 923
2170 923
2171 923
2172 923
2173 923
2174 923
2175 923
2176 923
2177 923
2178 923
2179 923
2180 923
2181 923
2182 923
2183 923
2184 923
2185 923
2186 923
2187 923
2188 923
2189 923
2190 923
2191 923
2192 923
2193 923
2194 923
2195 923
2196 923
2197 923
2198 923
2199 923
2200 923
2201 923
2202 923
2203 923
2204 923
2205 923
2206 923
2207 923
2208 923
2209 923
2210 923
2211 923
2212 923
2213 923
2214 923
2215 923
2216 923
2217 923
2218 923
2219 923
2220 923
2221 1874
2222 1874
2223 1874
2224 1874
2225 1874
2226 1880
2227 1880
2228 1880
2229 1880
2230 1880
2231 1885
2232 1885
2233 1885
2234 1885
2235 1891
2236 1891
2237 1891
2238 1891
2239 1891
2240 1896
2241 1896
2242 1896
2243 1896
2244 1901
2245 1901
2246 1901
2247 1901
2248 1907
2249 1907
2250 1907
2251 1907
2252 1907
2253 1912
2254 1912
2255 1912
2256 1912
2257 1917
2258 1917
2259 1917
2260 1917
2261 1923
2262 1923
2263 1923
2264 1923
2265 1928
2266 1928
2267 1928
2268 1928
2269 1933
2270 1933
2271 1933
2272 1939
2273 1939
2274 1939
2275 1939
2276 1944
2277 1944
2278 1944
2279 1944
2280 1949
2281 1949
2282 1949
2283 1955
2284 1955
2285 1955
2286 1955
2287 1960
2288 1960
2289 1960
2290 1965
2291 1965
2292 1965
2293 1971
2294 1971
2295 1971
2296 1971
2297 1976
2298 1976
2299 1976
2300 1981
2301 1981
2302 1981
2303 1987
2304 1987
2305 1987
2306 1992
2307 1992
2308 1992
2309 1997
2310 1997
2311 1997
2312 2003
2313 2003
2314 2003
2315 2008
2316 2008
2317 2008
2318 2014
2319 2014
2320 2014
2321 2019
2322 2019
2323 2019
2324 2024
2325 2024
2326 2024
2327 2030
2328 2030
2329 2030
2330 2035
2331 2035
2332 2035
2333 2040
2334 2040
2335 2040
2336 2046
2337 2046
2338 2051
2339 2051
2340 2051
2341 2056
2342 2056
2343 2056
2344 2062
2345 2062
2346 2062
2347 2067
2348 2067
2349 2067
2350 2072
2351 2072
2352 2078
2353 2078
2354 2078
2355 2083
2356 2083
2357 2083
2358 2088
2359 2088
2360 2088
2361 2094
2362 2094
2363 2094
2364 2099
2365 2099
2366 2104
2367 2104
2368 2104
2369 2110
2370 2110
2371 2110
2372 2115
2373 2115
2374 2115
2375 2120
2376 2120
2377 2120
2378 2126
2379 2126
2380 2131
2381 2131
2382 2131
2383 2137
2384 2137
2385 2137
2386 2142
2387 2142
2388 2147
2389 2147
2390 2147
2391 2153
2392 2153
2393 2153
2394 2158
2395 2158
2396 2158
2397 2163
2398 2163
2399 2169
2400 2169
2401 2169
2402 2174
2403 2174
2404 2179
2405 2179
2406 2179
2407 2185
2408 2185
2409 2185
2410 2190
2411 2190
2412 2195
2413 2195
2414 2195
2415 2201
2416 2201
2417 2206
2418 2206
2419 2206
2420 2211
2421 2211
2422 2217
2423 2217
2424 2222
2425 2222
2426 2222
2427 2227
2428 2227
2429 2233
2430 2233
2431 2233
2432 2238
2433 2238
2434 2243
2435 2243
2436 2249
2437 2249
2438 2254
2439 2254
2440 2260
2441 2260
2442 2260
2443 2265
2444 2265
2445 2270
2446 2270
2447 2276
2448 2276
2449 2281
2450 2281
2451 2286
2452 2286
2453 2292
2454 2292
2455 2297
2456 2297
2457 2302
2458 2302
2459 2308
2460 2308
2461 2313
2462 2313
2463 2318
2464 2324
2465 2324
2466 2329
2467 2329
2468 2334
2469 2334
2470 2340
2471 2340
2472 2345
2473 2350
2474 2350
2475 2356
2476 2356
2477 2361
2478 2361
2479 2366
2480 2372
2481 2372
2482 2377
2483 2377
2484 2383
2485 2388
2486 2388
2487 2393
2488 2393
2489 2399
2490 2404
2491 2404
2492 2409
2493 2415
2494 2415
2495 2420
2496 2420
2497 2425
2498 2431
2499 2431
2500 2436
2501 2441
2502 2441
2503 2447
2504 2452
2505 2452
2506 2457
2507 2457
2508 2463
2509 2468
2510 2468
2511 2473
2512 2479
2513 2479
2514 2484
2515 2489
2516 2489
2517 2495
2518 2500
2519 2500
2520 2506
2521 2506
2522 2511
2523 2516
2524 2516
2525 2522
2526 2527
2527 2527
2528 2532
2529 2538
2530 2538
2531 2543
2532 2548
2533 2548
2534 2554
2535 2559
2536 2559
2537 2564
2538 2570
2539 2570
2540 2575
2541 2580
2542 2580
2543 2586
2544 2591
2545 2591
2546 2596
2547 2602
2548 2602
2549 2607
2550 2612
2551 2618
2552 2618
2553 2623
2554 2629
2555 2629
2556 2634
2557 2639
2558 2645
2559 2645
2560 2650
2561 2655
2562 2655
2563 2661
2564 2666
2565 2671
2566 2671
2567 2677
2568 2682
2569 2687
2570 2687
2571 2693
2572 2698
2573 2703
2574 2703
2575 2709
2576 2714
2577 2719
2578 2725
2579 2725
2580 2730
2581 2735
2582 2741
2583 2746
2584 2746
2585 2752
2586 2757
2587 2762
2588 2768
2589 2768
2590 2773
2591 2778
2592 2784
2593 2789
2594 2789
2595 2794
2596 2800
2597 2805
2598 2810
2599 2816
2600 2816
2601 2821
2602 2826
2603 2832
2604 2837
2605 2842
2606 2842
2607 2848
2608 2853
2609 2858
2610 2864
2611 2869
2612 2869
2613 2875
2614 2880
2615 2885
2616 2891
2617 2896
2618 2901
2619 2907
2620 2907
2621 2912
2622 2917
2623 2923
2624 2928
2625 2933
2626 2939
2627 2939
2628 2944
2629 2949
2630 2955
2631 2960
2632 2965
2633 2971
2634 2976
2635 2976
2636 2981
2637 2987
2638 2992
2639 2998
2640 3003
2641 3008
2642 3014
2643 3014
2644 3019
2645 3024
2646 3030
2647 3035
2648 3040
2649 3046
2650 3051
2651 3056
2652 3056
2653 3062
2654 3067
2655 3072
2656 3078
2657 3083
2658 3088
2659 3094
2660 3099
2661 3099
2662 3104
2663 3110
2664 3115
2665 3121
2666 3126
2667 3131
2668 3137
2669 3142
2670 3147
2671 3153
2672 3158
2673 3163
2674 3169
2675 3169
2676 3174
2677 3179
2678 3185
2679 3190
2680 3195
2681 3201
2682 3206
2683 3211
2684 3217
2685 3222
2686 3227
2687 3233
2688 3244
2689 3249
2690 3254
2691 3260
2692 3265
2693 3270
2694 3276
2695 3281
2696 3286
2697 3292
2698 3297
2699 3302
2700 3308
2701 3318
2702 3324
2703 3329
2704 3334
2705 3340
2706 3345
2707 3350
2708 3356
2709 3361
2710 3372
2711 3377
2712 3383
2713 3388
2714 3393
2715 3399
2716 3404
2717 3409
2718 3415
2719 3420
2720 3431
2721 3436
2722 3441
2723 3447
2724 3452
2725 3457
2726 3463
2727 3468
2728 3473
2729 3479
2730 3490
2731 3495
2732 3500
2733 3506
2734 3511
2735 3516
2736 3527
2737 3532
2738 3538
2739 3543
2740 3548
2741 3559
2742 3564
2743 3570
2744 3580
2745 3586
2746 3591
2747 3602
2748 3607
2749 3618
2750 3623
2751 3634
2752 3639
2753 3650
2754 3655
2755 3666
2756 3677
2757 3682
2758 3693
2759 3703
2760 3709
2761 3719
2762 3730
2763 3741
2764 3746
2765 3757
2766 3768
2767 3778
2768 3784
2769 3794
2770 3805
2771 3816
2772 3821
2773 3832
2774 3842
2775 3848
2776 3859
2777 3869
2778 3875
2779 3885
2780 3896
2781 3901
2782 3912
2783 3917
2784 3928
2785 3939
2786 3944
2787 3955
2788 3965
2789 3971
2790 3982
2791 3987
2792 3998
2793 4008
2794 4014
2795 4024
2796 4030
2797 4040
2798 4046
2799 4056
2800 4067
2801 4072
2802 4083
2803 4088
2804 4099
2805 4110
2806 4115
2807 4126
2808 4131
2809 4142
2810 4153
2811 4158
2812 4169
2813 4179
2814 4185
2815 4195
2816 4206
2817 4211
2818 4222
2819 4228
2820 4238
2821 4249
2822 4260
2823 4265
2824 4276
2825 4286
2826 4292
2827 4302
2828 4313
2829 4324
2830 4329
2831 4340
2832 4351
2833 4361
2834 4367
2835 4377
2836 4388
2837 4399
2838 4409
2839 4420
2840 4425
2841 4436
2842 4447
2843 4457
2844 4468
2845 4479
2846 4490
2847 4495
2848 4506
2849 4516
2850 4527
2851 4538
2852 4548
2853 4559
2854 4570
2855 4580
2856 4591
2857 4602
2858 4613
2859 4623
2860 4634
2861 4645
2862 4655
2863 4666
2864 4677
2865 4687
2866 4698
2867 4709
2868 4719
2869 4730
2870 4741
2871 4752
2872 4762
2873 4773
2874 4784
2875 4794
2876 4805
2877 4816
2878 4832
2879 4842
2880 4853
2881 4864
2882 4875
2883 4885
2884 4896
2885 4907
2886 4917
2887 4933
2888 4944
2889 4955
2890 4965
2891 4976
2892 4987
2893 5003
2894 5014
2895 5024
2896 5035
2897 5051
2898 5062
2899 5072
2900 5083
2901 5099
2902 5110
2903 5121
2904 5131
2905 5147
2906 5158
2907 5169
2908 5185
2909 5195
2910 5211
2911 5222
2912 5233
2913 5249
2914 5260
2915 5276
2916 5286
2917 5302
2918 5313
2919 5329
2920 5340
2921 5356
2922 5367
2923 5383
2924 5393
2925 5409
2926 5420
2927 5436
2928 5452
2929 5463
2930 5479
2931 5495
2932 5506
2933 5522
2934 5538
2935 5548
2936 5564
2937 5580
2938 5597
2939 5607
2940 5623
2941 5639
2942 5655
2943 5671
2944 5687
2945 5698
2946 5714
2947 5730
2948 5746
2949 5762
2950 5778
2951 5794
2952 5810
2953 5826
2954 5843
2955 5859
2956 5875
2957 5891
2958 5907
2959 5923
2960 5939
2961 5955
2962 5971
2963 5992
2964 6008
2965 6024
2966 6040
2967 6056
2968 6078
2969 6094
2970 6110
2971 6126
2972 6147
2973 6163
2974 6179
2975 6201
2976 6217
2977 6233
2978 6254
2979 6270
2980 6292
2981 6308
2982 6329
2983 6345
2984 6367
2985 6383
2986 6404
2987 6420
2988 6441
2989 6458
2990 6479
2991 6500
2992 6516
2993 6538
2994 6559
2995 6575
2996 6597
2997 6618
2998 6639
2999 6661
3000 6677
3001 6698
3002 6720
3003 6741
3004 6762
3005 6784
3006 6805
3007 6827
3008 6848
3009 6869
3010 6891
3011 6912
3012 6933
3013 6955
3014 6976
3015 6998
3016 7019
3017 7040
3018 7067
3019 7089
3020 7110
3021 7131
3022 7153
3023 7179
3024 7201
3025 7222
3026 7244
3027 7270
3028 7292
3029 7313
3030 7340
3031 7361
3032 7388
3033 7409
3034 7436
3035 7458
3036 7484
3037 7506
3038 7532
3039 7554
3040 7581
3041 7602
3042 7629
3043 7650
3044 7677
3045 7704
3046 7725
3047 7752
3048 7778
3049 7805
3050 7827
3051 7853
3052 7880
3053 7907
3054 7933
3055 7960
3056 7987
3057 8008
3058 8035
3059 8062
3060 8089
3061 8115
3062 8142
3063 8169
3064 8201
3065 8228
3066 8254
3067 8281
3068 8308
3069 8335
3070 8361
3071 8393
3072 8420
3073 8447
3074 8479
3075 8506
3076 8532
3077 8565
3078 8591
3079 8618
3080 8650
3081 8677
3082 8709
3083 8736
3084 8768
3085 8794
3086 8827
3087 8853
3088 8885
3089 8912
3090 8944
3091 8971
3092 9003
3093 9035
3094 9062
3095 9094
3096 9126
3097 9153
3098 9185
3099 9217
3100 9249
3101 9276
3102 9308
3103 9340
3104 9372
3105 9404
3106 9436
3107 9463
3108 9495
3109 9527
3110 9559
3111 9591
3112 9623
3113 9655
3114 9688
3115 9725
3116 9757
3117 9789
3118 9821
3119 9853
3120 9891
3121 9923
3122 9955
3123 9992
3124 10024
3125 10062
3126 10094
3127 10131
3128 10164
3129 10201
3130 10238
3131 10270
3132 10308
3133 10345
3134 10377
3135 10415
3136 10452
3137 10490
3138 10527
3139 10565
3140 10602
3141 10639
3142 10677
3143 10714
3144 10752
3145 10789
3146 10827
3147 10869
3148 10907
3149 10944
3150 10982
3151 11019
3152 11062
3153 11099
3154 11137
3155 11180
3156 11217
3157 11254
3158 11297
3159 11335
3160 11377
3161 11415
3162 11458
3163 11495
3164 11538
3165 11581
3166 11618
3167 11661
3168 11704
3169 11741
3170 11784
3171 11827
3172 11869
3173 11912
3174 11955
3175 11998
3176 12041
3177 12083
3178 12126
3179 12174
3180 12217
3181 12260
3182 12303
3183 12351
3184 12394
3185 12442
3186 12484
3187 12533
3188 12581
3189 12623
3190 12672
3191 12720
3192 12768
3193 12811
3194 12859
3195 12907
3196 12955
3197 13003
3198 13057
3199 13105
3200 13153
3201 13206
3202 13255
3203 13303
3204 13356
3205 13410
3206 13458
3207 13511
3208 13565
3209 13618
3210 13672
3211 13725
3212 13784
3213 13837
3214 13896
3215 13950
3216 14009
3217 14067
3218 14126
3219 14185
3220 14244
3221 14303
3222 14362
3223 14426
3224 14485
3225 14543
3226 14608
3227 14672
3228 14731
3229 14795
3230 14859
3231 14918
3232 14982
3233 15046
3234 15110
3235 15174
3236 15239
3237 15308
3238 15372
3239 15436
3240 15506
3241 15575
3242 15645
3243 15714
3244 15784
3245 15854
3246 15928
3247 15998
3248 16073
3249 16148
3250 16223
3251 16297
3252 16378
3253 16458
3254 16538
3255 16618
3256 16698
3257 16779
3258 16864
3259 16950
3260 17035
3261 17121
3262 17212
3263 17297
3264 17388
3265 17479
3266 17570
3267 17661
3268 17757
3269 17848
3270 17945
3271 18041
3272 18137
3273 18233
3274 18330
3275 18431
3276 18533
3277 18634
3278 18741
3279 18848
3280 18961
3281 19073
3282 19185
3283 19308
3284 19437
3285 19570
3286 19709
3287 19864
3288 20035
3289 20233
3290 20410
3291 20410
3292 20410
3293 20410
3294 20410
3295 20410
3296 20410
3297 20410
3298 20410
3299 20410
3300 20410
3301 20410
3302 20410
3303 20410
3304 20410
3305 20410
3306 20410
3307 20410
3308 20410
3309 20410
3310 20410
3311 20410
3312 20410
3313 20410
3314 20410
3315 20410
3316 20410
3317 20410
3318 20410
3319 20410
3320 20410
3321 20410
3322 20410
3323 20410
3324 20410
3325 20410
3326 20410
3327 20410
3328 20410
3329 20410
3330 20410
3331 20410
3332 20410
3333 20410
3334 20410
3335 20410
3336 20410
3337 20410
3338 20410
3339 20410
3340 20410
3341 20410
3342 20410
3343 20410
3344 20410
3345 20410
3346 20410
3347 20410
3348 20410
3349 20410
3350 20410
3351 20410
3352 20410
3353 20410
3354 20410
3355 20410
3356 20410
3357 20410
3358 20410
3359 20410
3360 20410
3361 20410
3362 20410
3363 20410
3364 20410
3365 20410
3366 20410
3367 20410
3368 20410
3369 20410
3370 20410
3371 20410
3372 20410
3373 20410
3374 20410
3375 20410
3376 20410
3377 20410
3378 20410
3379 20410
3380 20410
3381 20410
3382 20410
3383 20410
3384 20410
3385 20410
3386 20410
3387 20410
3388 20410
3389 20410
3390 20410
3391 20410
3392 20410
3393 20410
3394 20410
3395 20410
3396 20410
3397 20410
3398 20410
3399 20410
3400 20410
3401 20410
3402 20410
3403 20410
3404 20410
3405 20410
3406 20410
3407 20410
3408 20410
3409 20410
3410 20410
3411 20410
3412 20410
3413 20410
3414 20410
3415 20410
3416 20410
3417 20410
3418 20410
3419 20410
3420 20410
3421 20410
3422 20410
3423 20410
3424 20410
3425 20410
3426 20410
3427 20410
3428 20410
3429 20410
3430 20410
3431 20410
3432 20410
3433 20410
3434 20410
3435 20410
3436 20410
3437 20410
3438 20410
3439 20410
3440 20410
3441 20410
3442 20410
3443 20410
3444 20410
3445 20410
3446 20410
3447 20410
3448 20410
3449 20410
3450 20410
3451 20410
3452 20410
3453 20410
3454 20410
3455 20410
3456 20410
3457 20410
3458 20410
3459 20410
3460 20410
3461 20410
3462 20410
3463 20410
3464 20410
3465 20410
3466 20410
3467 20410
3468 20410
3469 20410
3470 20410
3471 20410
3472 20410
3473 20410
3474 20410
3475 20410
3476 20410
3477 20410
3478 20410
3479 20410
3480 20410
3481 20410
3482 20410
3483 20410
3484 20410
3485 20410
3486 20410
3487 20410
3488 20410
3489 20410
3490 20410
3491 20410
3492 20410
3493 20410
3494 20410
3495 20410
3496 20410
3497 20410
3498 20410
3499 20410
3500 20410
3501 20410
3502 20410
3503 20410
3504 20410
3505 20410
3506 20410
3507 20410
3508 20410
3509 20410
3510 20410
3511 20410
3512 20410
3513 20410
3514 20410
3515 20410
3516 20410
3517 20410
3518 20410
3519 20410
3520 20410
3521 20410
3522 20410
3523 20410
3524 20410
3525 20410
3526 20410
3527 20410
3528 20410
3529 20410
3530 20410
3531 20410
3532 20410
3533 20410
3534 20410
3535 20410
3536 20410
3537 20410
3538 20410
3539 20410
3540 20410
3541 20410
3542 20410
3543 20410
3544 20410
3545 20410
3546 20410
3547 20410
3548 20410
3549 20410
3550 20410
3551 20410
3552 20410
3553 20410
3554 20410
3555 20410
3556 20410
3557 20410
3558 20410
3559 20410
3560 20410
3561 20410
3562 20410
3563 20410
3564 20410
3565 20410
3566 20410
3567 20410
3568 20410
3569 20410
3570 20410
3571 20410
3572 20410
3573 20410
3574 20410
3575 20410
3576 20410
3577 20410
3578 20410
3579 20410
3580 20410
3581 20410
3582 20410
3583 20410
3584 20410
3585 20410
3586 20410
3587 20410
3588 20410
3589 20410
3590 20410
3591 20410
3592 20410
3593 20410
3594 20410
3595 20410
3596 20410
3597 20410
3598 20410
3599 20410
3600 20410
3601 20410
3602 20410
3603 20410
3604 20410
3605 20410
3606 20410
3607 20410
3608 20410
3609 20410
3610 20410
3611 20410
3612 20410
3613 20410
3614 20410
3615 20410
3616 20410
3617 20410
3618 20410
3619 20410
3620 20410
3621 20410
3622 20410
3623 20410
3624 20410
3625 20410
3626 20410
3627 20410
3628 20410
3629 20410
3630 20410
3631 20410
3632 20410
3633 20410
3634 20410
3635 20410
3636 20410
3637 20410
3638 20410
3639 20410
3640 20410
3641 20410
3642 20410
3643 20410
3644 20410
3645 20410
3646 20410
3647 20410
3648 20410
3649 20410
3650 20410
3651 20410
3652 20410
3653 20410
3654 20410
3655 20410
3656 20410
3657 20410
3658 20410
3659 20410
3660 20410
3661 20410
3662 20410
3663 20410
3664 20410
3665 20410
3666 20410
3667 20410
3668 20410
3669 20410
3670 20410
3671 20410
3672 20410
3673 20410
3674 20410
3675 20410
3676 20410
3677 20410
3678 20410
3679 20410
3680 20410
3681 20410
3682 20410
3683 20410
3684 20410
3685 20410
3686 20410
3687 20410
3688 20410
3689 20410
3690 20410
3691 20410
3692 20410
3693 20410
3694 20410
3695 20410
3696 20410
3697 20410
3698 20410
3699 20410
3700 20410
3701 20410
3702 20410
3703 20410
3704 20410
3705 20410
3706 20410
3707 20410
3708 20410
3709 20410
3710 20410
3711 20410
3712 20410
3713 20410
3714 20410
3715 20410
3716 20410
3717 20410
3718 20410
3719 20410
3720 20410
3721 20410
3722 20410
3723 20410
3724 20410
3725 20410
3726 20410
3727 20410
3728 20410
3729 20410
3730 20410
3731 20410
3732 20410
3733 20410
3734 20410
3735 20410
3736 20410
3737 20410
3738 20410
3739 20410
3740 20410
3741 20410
3742 20410
3743 20410
3744 20410
3745 20410
3746 20410
3747 20410
3748 20410
3749 20410
3750 20410
3751 20410
3752 20410
3753 20410
3754 20410
3755 20410
3756 20410
3757 20410
3758 20410
3759 20410
3760 20410
3761 20410
3762 20410
3763 20410
3764 20410
3765 20410
3766 20410
3767 20410
3768 20410
3769 20410
3770 20410
3771 20410
3772 20410
3773 20410
3774 20410
3775 20410
3776 20410
3777 20410
3778 20410
3779 20410
3780 20410
3781 20410
3782 20410
3783 20410
3784 20410
3785 20410
3786 20410
3787 20410
3788 20410
3789 20410
3790 20410
3791 20410
3792 20410
3793 20410
3794 20410
3795 20410
3796 20410
3797 20410
3798 20410
3799 20410
3800 20410
3801 20410
3802 20410
3803 20410
3804 20410
3805 20410
3806 20410
3807 20410
3808 20410
3809 20410
3810 20410
3811 20410
3812 20410
3813 20410
3814 20410
3815 20410
3816 20410
3817 20410
3818 20410
3819 20410
3820 20410
3821 20410
3822 20410
3823 20410
3824 20410
3825 20410
3826 20410
3827 20410
3828 20410
3829 20410
3830 20410
3831 20410
3832 20410
3833 20410
3834 20410
3835 20410
3836 20410
3837 20410
3838 20410
3839 20410
3840 20410
3841 20410
3842 20410
3843 20410
3844 20410
3845 20410
3846 20410
3847 20410
3848 20410
3849 20410
3850 20410
3851 20410
3852 20410
3853 20410
3854 20410
3855 20410
3856 20410
3857 20410
3858 20410
3859 20410
3860 20410
3861 20410
3862 20410
3863 20410
3864 20410
3865 20410
3866 20410
3867 20410
3868 20410
3869 20410
3870 20410
3871 20410
3872 20410
3873 20410
3874 20410
3875 20410
3876 20410
3877 20410
3878 20410
3879 20410
3880 20410
3881 20410
3882 20410
3883 20410
3884 20410
3885 20410
3886 20410
3887 20410
3888 20410
3889 20410
3890 20410
3891 20410
3892 20410
3893 20410
3894 20410
3895 20410
3896 20410
3897 20410
3898 20410
3899 20410
3900 20410
3901 20410
3902 20410
3903 20410
3904 20410
3905 20410
3906 20410
3907 20410
3908 20410
3909 20410
3910 20410
3911 20410
3912 20410
3913 20410
3914 20410
3915 20410
3916 20410
3917 20410
3918 20410
3919 20410
3920 20410
3921 20410
3922 20410
3923 20410
3924 20410
3925 20410
3926 20410
3927 20410
3928 20410
3929 20410
3930 20410
3931 20410
3932 20410
3933 20410
3934 20410
3935 20410
3936 20410
3937 20410
3938 20410
3939 20410
3940 20410
3941 20410
3942 20410
3943 20410
3944 20410
3945 20410
3946 20410
3947 20410
3948 20410
3949 20410
3950 20410
3951 20410
3952 20410
3953 20410
3954 20410
3955 20410
3956 20410
3957 20410
3958 20410
3959 20410
3960 20410
3961 20410
3962 20410
3963 20410
3964 20410
3965 20410
3966 20410
3967 20410
3968 20410
3969 20410
3970 20410
3971 20410
3972 20410
3973 20410
3974 20410
3975 20410
3976 20410
3977 20410
3978 20410
3979 20410
3980 20410
3981 20410
3982 20410
3983 20410
3984 20410
3985 20410
3986 20410
3987 20410
3988 20410
3989 20410
3990 20410
3991 20410
3992 20410
3993 20410
3994 20410
3995 20410
3996 20410
3997 20410
3998 20410
3999 20410
4000 20410
4001 20410
4002 20410
4003 20410
4004 20410
4005 20410
4006 20410
4007 20410
4008 20410
4009 20410
4010 20410
4011 20410
4012 20410
4013 20410
4014 20410
4015 20410
4016 20410
4017 20410
4018 20410
4019 20410
4020 20410
4021 20410
4022 20410
4023 20410
4024 20410
4025 20410
4026 20410
4027 20410
4028 20410
4029 20410
4030 20410
4031 20410
4032 20410
4033 20410
4034 20410
4035 20410
4036 20410
4037 20410
4038 20410
4039 20410
4040 20410
4041 20410
4042 20410
4043 20410
4044 20410
4045 20410
4046 20410
4047 20410
4048 20410
4049 20410
4050 20410
4051 20410
4052 20410
4053 20410
4054 20410
4055 20410
4056 20410
4057 20410
4058 20410
4059 20410
4060 20410
4061 20410
4062 20410
4063 20410
4064 20410
4065 20410
4066 20410
4067 20410
4068 20410
4069 20410
4070 20410
4071 20410
4072 20410
4073 20410
4074 20410
4075 20410
4076 20410
4077 20410
4078 20410
4079 20410
4080 20410
4081 20410
4082 20410
4083 20410
4084 20410
4085 20410
4086 20410
4087 20410
4088 20410
4089 20410
4090 20410
4091 20410
4092 20410
4093 20410
4094 20410
4095 20410
